86399
86398
86397
86396
86395
86394
86393
86392
86391
86390
86389
86388
86387
86386
86385
86384
86383
86382
86381
86380
86379
86378
86377
86376
86375
86374
86373
86372
86371
86370
86369
86368
86367
86366
86365
86364
86363
86362
86361
86360
86359
86358
86357
86356
86355
86354
86353
86352
86351
86350
86349
86348
86347
86346
86345
86344
86343
86342
86341
86340
86339
86338
86337
86336
86335
86334
86333
86332
86331
86330
86329
86328
86327
86326
86325
86324
86323
86322
86321
86320
86319
86318
86317
86316
86315
86314
86313
86312
86311
86310
86309
86308
86307
86306
86305
86304
86303
86302
86301
86300
86299
86298
86297
86296
86295
86294
86293
86292
86291
86290
86289
86288
86287
86286
86285
86284
86283
86282
86281
86280
86279
86278
86277
86276
86275
86274
86273
86272
86271
86270
86269
86268
86267
86266
86265
86264
86263
86262
86261
86260
86259
86258
86257
86256
86255
86254
86253
86252
86251
